3 38 0.006666666666666667
3 55 0.006666666666666667
6 38 0.013333333333333334
8 38 0.013333333333333334
9 38 0.013333333333333334
9 55 0.04666666666666667
12 38 0.013333333333333334
13 38 0.006666666666666667
19 7 0.013333333333333334
27 39 0.013333333333333334
27 63 0.02
27 70 0.006666666666666667
34 2 0.02666666666666667
34 16 0.006666666666666667
34 31 0.02
34 53 0.006666666666666667
38 27 0.02
42 15 0.006666666666666667
53 27 0.006666666666666667
57 35 0.013333333333333334
64 27 0.006666666666666667
