5 38 0.006666666666666667
8 38 0.006666666666666667
10 38 0.006666666666666667
13 38 0.013333333333333334
21 28 0.02666666666666667
27 26 0.006666666666666667
27 39 0.013333333333333334
27 40 0.006666666666666667
27 45 0.006666666666666667
27 48 0.006666666666666667
27 51 0.013333333333333334
27 63 0.02
27 66 0.05333333333333334
27 67 0.006666666666666667
27 69 0.07333333333333333
27 70 0.02666666666666667
27 75 0.03333333333333333
33 39 0.04
34 14 0.013333333333333334
34 16 0.04
34 26 0.006666666666666667
42 15 0.02666666666666667
57 35 0.006666666666666667
64 27 0.006666666666666667
69 35 0.013333333333333334
76 36 0.013333333333333334
