3 38 0.006666666666666667
5 38 0.02
8 38 0.006666666666666667
9 38 0.02
10 38 0.006666666666666667
21 28 0.006666666666666667
27 39 0.04
27 51 0.013333333333333334
27 63 0.006666666666666667
27 66 0.03333333333333333
27 68 0.006666666666666667
27 69 0.06
27 70 0.006666666666666667
27 75 0.03333333333333333
33 39 0.013333333333333334
34 14 0.02666666666666667
34 16 0.05333333333333334
34 26 0.006666666666666667
34 53 0.02
38 27 0.02
42 15 0.02
53 27 0.013333333333333334
64 27 0.006666666666666667
