19 7 0.006666666666666667
21 28 0.02
27 18 0.013333333333333334
27 26 0.04666666666666667
27 39 0.19333333333333333
27 51 0.04
27 52 0.013333333333333334
27 54 0.02666666666666667
27 62 0.02
27 63 0.006666666666666667
27 65 0.006666666666666667
27 66 0.08
27 67 0.006666666666666667
27 68 0.08
27 69 0.09333333333333334
27 70 0.04666666666666667
27 75 0.04666666666666667
33 39 0.05333333333333334
34 14 0.006666666666666667
34 16 0.03333333333333333
34 26 0.02666666666666667
34 31 0.006666666666666667
42 15 0.06
57 34 0.006666666666666667
57 35 0.006666666666666667
58 59 0.006666666666666667
58 74 0.02666666666666667
69 34 0.006666666666666667
69 35 0.013333333333333334
70 34 0.006666666666666667
