3 38 0.006666666666666667
5 38 0.006666666666666667
10 38 0.006666666666666667
12 38 0.013333333333333334
13 38 0.006666666666666667
19 7 0.013333333333333334
21 28 0.02666666666666667
27 17 0.006666666666666667
27 26 0.03333333333333333
27 39 0.14
27 51 0.013333333333333334
27 52 0.013333333333333334
27 54 0.006666666666666667
27 63 0.02
27 66 0.20666666666666667
27 67 0.02666666666666667
27 68 0.013333333333333334
27 69 0.04
27 70 0.03333333333333333
34 14 0.02
34 16 0.1
34 26 0.013333333333333334
34 31 0.02666666666666667
38 27 0.02
39 6 0.02666666666666667
57 35 0.02
65 3 0.006666666666666667
66 9 0.013333333333333334
69 35 0.04
