5 38 0.013333333333333334
6 38 0.006666666666666667
8 38 0.006666666666666667
9 38 0.006666666666666667
10 38 0.02666666666666667
12 38 0.006666666666666667
27 26 0.02666666666666667
27 30 0.006666666666666667
27 39 0.02666666666666667
27 54 0.013333333333333334
27 66 0.04666666666666667
27 70 0.006666666666666667
30 21 0.006666666666666667
33 39 0.02666666666666667
34 16 0.02666666666666667
34 26 0.006666666666666667
34 31 0.006666666666666667
39 6 0.02
42 15 0.006666666666666667
51 34 0.006666666666666667
57 34 0.06666666666666667
65 3 0.006666666666666667
66 9 0.02
70 34 0.006666666666666667
76 36 0.006666666666666667
