19 7 0.006666666666666667
27 17 0.006666666666666667
27 40 0.02666666666666667
27 48 0.013333333333333334
27 58 0.02
27 60 0.006666666666666667
27 62 0.04
27 65 0.03333333333333333
27 67 0.08
27 68 0.05333333333333334
27 72 0.08
27 79 0.04666666666666667
27 80 0.08
48 11 0.006666666666666667
58 59 0.013333333333333334
58 74 0.013333333333333334
60 5 0.006666666666666667
62 4 0.006666666666666667
65 3 0.013333333333333334
66 9 0.006666666666666667
68 8 0.013333333333333334
74 20 0.006666666666666667
79 50 0.04666666666666667
80 50 0.08666666666666667
