3 38 0.03333333333333333
5 38 0.013333333333333334
6 38 0.013333333333333334
9 38 0.013333333333333334
10 38 0.013333333333333334
12 38 0.02
13 38 0.02666666666666667
19 7 0.02
21 28 0.006666666666666667
27 17 0.006666666666666667
27 18 0.02
27 26 0.013333333333333334
27 30 0.03333333333333333
27 39 0.10666666666666667
27 52 0.006666666666666667
27 63 0.013333333333333334
27 66 0.02666666666666667
27 67 0.013333333333333334
27 68 0.013333333333333334
27 69 0.04
27 70 0.03333333333333333
30 21 0.04666666666666667
34 14 0.013333333333333334
34 16 0.08
34 31 0.006666666666666667
38 27 0.013333333333333334
42 15 0.006666666666666667
57 35 0.02666666666666667
58 59 0.013333333333333334
69 35 0.04
