19 7 0.04
27 17 0.006666666666666667
27 40 0.02
27 48 0.02666666666666667
27 51 0.03333333333333333
27 58 0.02
27 60 0.03333333333333333
27 62 0.03333333333333333
27 65 0.006666666666666667
27 66 0.013333333333333334
27 67 0.05333333333333334
27 68 0.03333333333333333
27 72 0.013333333333333334
27 75 0.006666666666666667
27 80 0.006666666666666667
51 34 0.03333333333333333
58 59 0.04666666666666667
58 74 0.02
60 5 0.006666666666666667
62 4 0.006666666666666667
66 9 0.006666666666666667
68 8 0.006666666666666667
74 20 0.02
80 50 0.006666666666666667
