3 38 0.006666666666666667
5 38 0.013333333333333334
9 38 0.013333333333333334
10 38 0.006666666666666667
12 38 0.006666666666666667
19 7 0.006666666666666667
27 26 0.03333333333333333
27 30 0.006666666666666667
27 39 0.04
27 52 0.006666666666666667
27 54 0.006666666666666667
27 63 0.006666666666666667
27 66 0.06
27 67 0.006666666666666667
27 70 0.013333333333333334
30 21 0.006666666666666667
34 14 0.02
34 16 0.013333333333333334
34 26 0.006666666666666667
34 31 0.006666666666666667
38 27 0.013333333333333334
57 35 0.013333333333333334
