3 38 0.006666666666666667
5 38 0.006666666666666667
8 38 0.006666666666666667
9 38 0.006666666666666667
10 38 0.006666666666666667
13 38 0.006666666666666667
19 7 0.06666666666666667
27 30 0.006666666666666667
27 39 0.07333333333333333
27 45 0.006666666666666667
27 62 0.006666666666666667
27 66 0.006666666666666667
27 71 0.006666666666666667
27 75 0.006666666666666667
37 73 0.006666666666666667
38 27 0.013333333333333334
39 6 0.06666666666666667
62 4 0.006666666666666667
64 27 0.006666666666666667
66 9 0.02
68 8 0.006666666666666667
