19 7 0.013333333333333334
21 28 0.04666666666666667
27 26 0.006666666666666667
27 39 0.04666666666666667
27 54 0.013333333333333334
27 63 0.006666666666666667
27 66 0.14666666666666667
27 68 0.02
27 69 0.013333333333333334
27 70 0.006666666666666667
27 75 0.006666666666666667
33 39 0.04
34 14 0.006666666666666667
34 16 0.04666666666666667
34 26 0.006666666666666667
34 31 0.013333333333333334
42 15 0.02666666666666667
57 34 0.013333333333333334
58 74 0.006666666666666667
69 34 0.006666666666666667
