3 38 0.006666666666666667
5 38 0.006666666666666667
6 38 0.006666666666666667
10 38 0.013333333333333334
12 38 0.013333333333333334
19 7 0.006666666666666667
27 26 0.02666666666666667
27 39 0.06
27 66 0.06
27 68 0.006666666666666667
27 69 0.013333333333333334
27 70 0.013333333333333334
33 39 0.02666666666666667
34 16 0.02
38 27 0.006666666666666667
39 6 0.03333333333333333
42 15 0.013333333333333334
53 27 0.006666666666666667
57 34 0.03333333333333333
58 74 0.006666666666666667
69 34 0.013333333333333334
70 34 0.013333333333333334
