5 38 0.006666666666666667
8 38 0.006666666666666667
19 7 0.013333333333333334
27 17 0.013333333333333334
27 18 0.02
27 26 0.04666666666666667
27 39 0.24666666666666667
27 45 0.006666666666666667
27 51 0.02
27 54 0.006666666666666667
27 63 0.013333333333333334
27 65 0.006666666666666667
27 66 0.26
27 67 0.06666666666666667
27 68 0.02666666666666667
27 69 0.02
27 70 0.02
33 39 0.04
34 14 0.04
34 16 0.14
34 53 0.006666666666666667
38 27 0.006666666666666667
39 6 0.10666666666666667
42 15 0.013333333333333334
53 27 0.006666666666666667
57 35 0.006666666666666667
65 3 0.013333333333333334
66 9 0.06
68 8 0.03333333333333333
69 35 0.013333333333333334
