27 17 0.006666666666666667
27 18 0.013333333333333334
27 26 0.013333333333333334
27 39 0.09333333333333334
27 45 0.02
27 51 0.013333333333333334
27 60 0.006666666666666667
27 63 0.006666666666666667
27 66 0.09333333333333334
27 68 0.006666666666666667
27 69 0.013333333333333334
27 70 0.03333333333333333
27 75 0.006666666666666667
33 39 0.03333333333333333
34 26 0.02
37 73 0.006666666666666667
38 27 0.006666666666666667
39 6 0.006666666666666667
42 15 0.006666666666666667
51 34 0.013333333333333334
58 74 0.013333333333333334
64 27 0.006666666666666667
66 9 0.006666666666666667
68 8 0.006666666666666667
69 34 0.02
70 34 0.013333333333333334
