5 38 0.006666666666666667
6 38 0.006666666666666667
8 38 0.006666666666666667
10 38 0.006666666666666667
12 38 0.006666666666666667
13 38 0.02
27 26 0.013333333333333334
27 30 0.02
27 39 0.02
27 45 0.006666666666666667
27 52 0.006666666666666667
27 54 0.013333333333333334
27 63 0.013333333333333334
27 66 0.05333333333333334
30 21 0.02
33 39 0.02
34 16 0.04666666666666667
34 26 0.04
34 31 0.006666666666666667
38 27 0.02
39 6 0.013333333333333334
42 15 0.02
57 34 0.006666666666666667
64 27 0.006666666666666667
66 9 0.013333333333333334
