19 7 0.03333333333333333
27 17 0.04
27 18 0.006666666666666667
27 40 0.02
27 48 0.03333333333333333
27 51 0.006666666666666667
27 58 0.006666666666666667
27 60 0.03333333333333333
27 62 0.04
27 65 0.02
27 66 0.03333333333333333
27 67 0.04666666666666667
27 68 0.04
27 75 0.006666666666666667
27 80 0.02
48 11 0.013333333333333334
51 34 0.006666666666666667
58 59 0.02
58 74 0.006666666666666667
60 5 0.013333333333333334
62 4 0.006666666666666667
65 3 0.006666666666666667
66 9 0.02
68 8 0.006666666666666667
74 20 0.013333333333333334
80 50 0.02
