27 17 0.013333333333333334
27 40 0.02666666666666667
27 48 0.04
27 58 0.006666666666666667
27 60 0.02666666666666667
27 62 0.04666666666666667
27 65 0.013333333333333334
27 66 0.013333333333333334
27 67 0.013333333333333334
27 68 0.06
27 72 0.013333333333333334
27 80 0.05333333333333334
48 11 0.013333333333333334
58 74 0.006666666666666667
60 5 0.02
62 4 0.02
65 3 0.013333333333333334
66 9 0.013333333333333334
68 8 0.02
74 20 0.006666666666666667
79 50 0.006666666666666667
80 50 0.05333333333333334
