3 38 0.006666666666666667
5 38 0.02666666666666667
6 38 0.013333333333333334
8 38 0.013333333333333334
9 38 0.006666666666666667
10 38 0.006666666666666667
12 38 0.006666666666666667
27 26 0.02666666666666667
27 30 0.02666666666666667
27 39 0.013333333333333334
27 54 0.013333333333333334
27 68 0.006666666666666667
27 69 0.006666666666666667
27 70 0.006666666666666667
30 21 0.02666666666666667
33 39 0.04
34 16 0.013333333333333334
34 26 0.013333333333333334
34 53 0.02
38 27 0.02
39 6 0.013333333333333334
53 27 0.013333333333333334
57 35 0.04
64 27 0.006666666666666667
65 3 0.006666666666666667
69 35 0.006666666666666667
