6 38 0.006666666666666667
10 38 0.006666666666666667
12 38 0.013333333333333334
13 38 0.006666666666666667
19 7 0.02
21 28 0.006666666666666667
27 17 0.013333333333333334
27 18 0.02666666666666667
27 26 0.06
27 30 0.04666666666666667
27 39 0.17333333333333334
27 51 0.04666666666666667
27 54 0.03333333333333333
27 63 0.03333333333333333
27 65 0.006666666666666667
27 66 0.12666666666666668
27 67 0.02666666666666667
27 68 0.02
27 69 0.13333333333333333
27 70 0.06
30 21 0.04666666666666667
34 14 0.02
34 16 0.10666666666666667
34 31 0.03333333333333333
38 27 0.02666666666666667
39 6 0.08
42 15 0.013333333333333334
48 11 0.006666666666666667
57 35 0.06
58 74 0.006666666666666667
64 27 0.006666666666666667
65 3 0.006666666666666667
66 9 0.08
68 8 0.013333333333333334
69 35 0.06
