3 38 0.02
10 38 0.006666666666666667
12 38 0.02
13 38 0.006666666666666667
19 7 0.006666666666666667
21 28 0.04666666666666667
27 17 0.013333333333333334
27 18 0.04666666666666667
27 26 0.03333333333333333
27 39 0.28
27 45 0.006666666666666667
27 52 0.013333333333333334
27 54 0.02
27 62 0.013333333333333334
27 63 0.006666666666666667
27 66 0.20666666666666667
27 67 0.04
27 68 0.02
27 69 0.013333333333333334
27 75 0.006666666666666667
33 39 0.06
34 16 0.10666666666666667
34 31 0.006666666666666667
34 53 0.006666666666666667
38 27 0.013333333333333334
42 15 0.04666666666666667
53 27 0.013333333333333334
64 27 0.013333333333333334
