3 38 0.013333333333333334
5 38 0.013333333333333334
6 38 0.006666666666666667
8 38 0.006666666666666667
9 38 0.02
10 38 0.02666666666666667
12 38 0.02
13 38 0.03333333333333333
19 7 0.006666666666666667
27 30 0.006666666666666667
27 39 0.06
27 45 0.006666666666666667
27 54 0.013333333333333334
27 63 0.02
27 66 0.013333333333333334
27 69 0.006666666666666667
30 21 0.006666666666666667
33 39 0.013333333333333334
34 14 0.006666666666666667
34 16 0.06
34 26 0.006666666666666667
34 31 0.013333333333333334
34 53 0.013333333333333334
38 27 0.02
42 15 0.013333333333333334
53 27 0.013333333333333334
