3 38 0.013333333333333334
5 38 0.006666666666666667
6 38 0.013333333333333334
8 38 0.02
9 38 0.006666666666666667
10 38 0.013333333333333334
13 38 0.02
21 28 0.04
27 18 0.006666666666666667
27 26 0.04666666666666667
27 39 0.12
27 51 0.013333333333333334
27 54 0.006666666666666667
27 62 0.006666666666666667
27 63 0.013333333333333334
27 66 0.16
27 67 0.006666666666666667
27 68 0.006666666666666667
27 69 0.06666666666666667
27 70 0.03333333333333333
34 14 0.02
34 16 0.09333333333333334
34 26 0.013333333333333334
34 31 0.013333333333333334
38 27 0.013333333333333334
39 6 0.03333333333333333
42 15 0.013333333333333334
57 35 0.06666666666666667
62 4 0.006666666666666667
64 27 0.006666666666666667
65 3 0.006666666666666667
66 9 0.1
68 8 0.02
69 35 0.05333333333333334
