19 7 0.013333333333333334
27 17 0.02666666666666667
27 18 0.006666666666666667
27 40 0.013333333333333334
27 48 0.04666666666666667
27 51 0.03333333333333333
27 58 0.006666666666666667
27 60 0.02
27 62 0.06
27 65 0.02666666666666667
27 66 0.04666666666666667
27 67 0.06
27 68 0.05333333333333334
27 72 0.02
27 75 0.006666666666666667
48 11 0.006666666666666667
51 34 0.03333333333333333
58 59 0.006666666666666667
58 74 0.006666666666666667
60 5 0.02
62 4 0.013333333333333334
65 3 0.013333333333333334
66 9 0.02666666666666667
68 8 0.02
74 20 0.006666666666666667
