19 7 0.04
27 40 0.04666666666666667
27 48 0.03333333333333333
27 51 0.02
27 58 0.013333333333333334
27 62 0.03333333333333333
27 65 0.013333333333333334
27 66 0.013333333333333334
27 68 0.03333333333333333
27 71 0.013333333333333334
27 72 0.03333333333333333
27 80 0.006666666666666667
48 11 0.006666666666666667
51 34 0.013333333333333334
58 59 0.03333333333333333
58 74 0.013333333333333334
62 4 0.03333333333333333
65 3 0.02
66 9 0.013333333333333334
68 8 0.03333333333333333
74 20 0.013333333333333334
80 50 0.013333333333333334
