3 38 0.006666666666666667
6 38 0.006666666666666667
8 38 0.006666666666666667
9 38 0.006666666666666667
10 38 0.006666666666666667
12 38 0.006666666666666667
27 39 0.013333333333333334
27 54 0.006666666666666667
27 63 0.006666666666666667
27 66 0.04
27 69 0.013333333333333334
30 21 0.013333333333333334
33 39 0.006666666666666667
34 16 0.006666666666666667
34 26 0.013333333333333334
34 53 0.006666666666666667
39 6 0.013333333333333334
57 34 0.013333333333333334
66 9 0.02
69 34 0.013333333333333334
