2 3 0.013333333333333334
3 55 0.006666666666666667
9 55 0.006666666666666667
19 7 0.03333333333333333
22 25 0.013333333333333334
22 26 0.08666666666666667
22 39 0.06
22 66 0.013333333333333334
30 21 0.02
34 2 0.07333333333333333
34 14 0.006666666666666667
34 24 0.03333333333333333
34 31 0.013333333333333334
34 53 0.03333333333333333
34 56 0.05333333333333334
39 6 0.006666666666666667
57 35 0.013333333333333334
58 59 0.006666666666666667
58 74 0.006666666666666667
66 9 0.006666666666666667
68 8 0.006666666666666667
