3 38 0.02
5 38 0.006666666666666667
6 38 0.013333333333333334
8 38 0.006666666666666667
9 38 0.006666666666666667
10 38 0.006666666666666667
12 38 0.006666666666666667
13 38 0.006666666666666667
19 7 0.013333333333333334
21 28 0.04
27 18 0.006666666666666667
27 26 0.02666666666666667
27 39 0.06
27 63 0.006666666666666667
27 66 0.08666666666666667
27 67 0.006666666666666667
27 69 0.013333333333333334
27 70 0.013333333333333334
34 14 0.02666666666666667
34 16 0.08
34 31 0.006666666666666667
38 27 0.02
57 35 0.013333333333333334
64 27 0.006666666666666667
69 35 0.013333333333333334
