3 38 0.006666666666666667
3 55 0.006666666666666667
6 38 0.013333333333333334
9 38 0.02
9 55 0.02666666666666667
13 38 0.006666666666666667
19 7 0.006666666666666667
21 28 0.02
27 17 0.006666666666666667
27 18 0.03333333333333333
27 26 0.03333333333333333
27 39 0.1
27 45 0.006666666666666667
27 52 0.006666666666666667
27 54 0.006666666666666667
27 62 0.006666666666666667
27 66 0.09333333333333334
27 67 0.03333333333333333
27 69 0.02
27 70 0.04666666666666667
27 75 0.006666666666666667
34 2 0.06
34 14 0.013333333333333334
34 16 0.05333333333333334
34 31 0.013333333333333334
34 53 0.006666666666666667
38 27 0.013333333333333334
64 27 0.006666666666666667
69 35 0.02
