19 7 0.04666666666666667
27 17 0.006666666666666667
27 40 0.013333333333333334
27 48 0.07333333333333333
27 51 0.006666666666666667
27 58 0.006666666666666667
27 60 0.013333333333333334
27 62 0.02
27 65 0.006666666666666667
27 66 0.006666666666666667
27 67 0.006666666666666667
27 68 0.013333333333333334
27 75 0.006666666666666667
27 80 0.013333333333333334
48 11 0.03333333333333333
51 34 0.006666666666666667
58 59 0.013333333333333334
60 5 0.013333333333333334
62 4 0.013333333333333334
65 3 0.006666666666666667
66 9 0.006666666666666667
68 8 0.013333333333333334
80 50 0.013333333333333334
