1 32 0.022222222222222223
1 41 0.05555555555555555
1 57 0.13333333333333333
1 70 0.022222222222222223
1 76 0.044444444444444446
1 89 0.03333333333333333
6 16 0.011111111111111112
6 18 0.011111111111111112
6 20 0.011111111111111112
6 23 0.03333333333333333
6 26 0.011111111111111112
6 28 0.06666666666666667
6 54 0.12222222222222222
6 57 0.2111111111111111
6 97 0.03333333333333333
14 64 0.022222222222222223
18 1 0.011111111111111112
20 1 0.011111111111111112
23 1 0.022222222222222223
26 1 0.011111111111111112
33 1 0.011111111111111112
43 77 0.1
43 78 0.07777777777777778
43 79 0.08888888888888889
43 91 0.07777777777777778
54 1 0.17777777777777778
57 15 0.26666666666666666
64 1 0.022222222222222223
78 68 0.07777777777777778
79 68 0.08888888888888889
