1 32 0.03333333333333333
1 81 0.03333333333333333
3 4 0.1111111111111111
5 25 0.05555555555555555
6 18 0.022222222222222223
6 35 0.06666666666666667
6 59 0.03333333333333333
7 1 0.1111111111111111
8 81 0.022222222222222223
11 81 0.044444444444444446
18 1 0.022222222222222223
21 1 0.03333333333333333
29 14 0.011111111111111112
33 1 0.03333333333333333
34 1 0.011111111111111112
36 1 0.011111111111111112
40 1 0.022222222222222223
50 12 0.011111111111111112
52 10 0.011111111111111112
54 1 0.011111111111111112
59 50 0.08888888888888889
60 13 0.011111111111111112
62 1 0.022222222222222223
71 56 0.1
80 56 0.1
81 21 0.03333333333333333
