1 57 0.011111111111111112
1 76 0.011111111111111112
1 81 0.011111111111111112
6 18 0.03333333333333333
6 23 0.06666666666666667
6 26 0.14444444444444443
6 54 0.18888888888888888
6 57 0.05555555555555555
6 59 0.011111111111111112
8 86 0.022222222222222223
14 64 0.022222222222222223
18 1 0.17777777777777778
20 1 0.03333333333333333
26 1 0.25555555555555554
29 14 0.011111111111111112
33 1 0.022222222222222223
34 1 0.011111111111111112
40 1 0.2777777777777778
42 36 0.022222222222222223
42 45 0.011111111111111112
42 47 0.03333333333333333
42 83 0.044444444444444446
43 40 0.011111111111111112
43 44 0.011111111111111112
43 66 0.03333333333333333
45 1 0.24444444444444444
47 1 0.011111111111111112
54 1 0.011111111111111112
59 50 0.011111111111111112
71 55 0.1111111111111111
74 73 0.03333333333333333
80 55 0.12222222222222222
95 1 0.03333333333333333
