1 32 0.011111111111111112
1 81 0.022222222222222223
1 85 0.011111111111111112
5 25 0.022222222222222223
6 22 0.011111111111111112
6 54 0.022222222222222223
8 81 0.011111111111111112
11 81 0.03333333333333333
21 1 0.05555555555555555
31 82 0.011111111111111112
33 1 0.022222222222222223
34 1 0.022222222222222223
36 1 0.03333333333333333
38 1 0.011111111111111112
42 36 0.022222222222222223
42 60 0.011111111111111112
50 12 0.011111111111111112
54 1 0.022222222222222223
71 56 0.06666666666666667
80 56 0.06666666666666667
81 21 0.06666666666666667
