1 32 0.03333333333333333
1 57 0.05555555555555555
1 76 0.011111111111111112
1 86 0.06666666666666667
1 87 0.044444444444444446
1 89 0.03333333333333333
1 94 0.022222222222222223
2 86 0.03333333333333333
6 16 0.011111111111111112
6 18 0.022222222222222223
6 23 0.011111111111111112
6 26 0.044444444444444446
6 54 0.044444444444444446
6 57 0.022222222222222223
6 59 0.06666666666666667
6 97 0.011111111111111112
8 86 0.06666666666666667
14 64 0.03333333333333333
26 1 0.011111111111111112
29 14 0.044444444444444446
33 1 0.011111111111111112
34 1 0.011111111111111112
38 1 0.011111111111111112
42 47 0.011111111111111112
43 34 0.011111111111111112
43 66 0.022222222222222223
43 78 0.022222222222222223
47 1 0.011111111111111112
50 51 0.2111111111111111
52 10 0.022222222222222223
53 1 0.011111111111111112
54 1 0.011111111111111112
59 50 0.06666666666666667
64 1 0.03333333333333333
71 55 0.011111111111111112
78 68 0.022222222222222223
