1 32 0.011111111111111112
1 41 0.011111111111111112
1 76 0.011111111111111112
1 85 0.07777777777777778
1 88 0.1111111111111111
1 89 0.2222222222222222
1 92 0.011111111111111112
1 96 0.08888888888888889
6 16 0.011111111111111112
6 18 0.1
6 23 0.1
6 63 0.06666666666666667
6 84 0.011111111111111112
6 98 0.03333333333333333
9 10 0.011111111111111112
10 93 0.011111111111111112
14 65 0.011111111111111112
23 1 0.022222222222222223
33 1 0.022222222222222223
34 1 0.011111111111111112
38 1 0.011111111111111112
39 1 0.011111111111111112
43 38 0.05555555555555555
43 39 0.022222222222222223
43 48 0.011111111111111112
43 77 0.03333333333333333
43 99 0.022222222222222223
45 1 0.011111111111111112
