1 86 0.044444444444444446
1 87 0.022222222222222223
1 88 0.011111111111111112
1 89 0.022222222222222223
2 86 0.011111111111111112
6 35 0.07777777777777778
6 54 0.011111111111111112
8 86 0.03333333333333333
11 86 0.022222222222222223
22 17 0.022222222222222223
29 14 0.022222222222222223
34 1 0.011111111111111112
42 47 0.03333333333333333
42 60 0.06666666666666667
42 83 0.022222222222222223
43 34 0.011111111111111112
43 69 0.011111111111111112
43 83 0.05555555555555555
47 1 0.03333333333333333
54 1 0.011111111111111112
60 13 0.06666666666666667
71 55 0.1111111111111111
80 55 0.1111111111111111
