1 76 0.022222222222222223
1 86 0.022222222222222223
1 89 0.011111111111111112
1 94 0.05555555555555555
2 86 0.011111111111111112
6 23 0.044444444444444446
6 26 0.05555555555555555
6 54 0.1
6 57 0.011111111111111112
8 86 0.011111111111111112
14 64 0.03333333333333333
26 1 0.022222222222222223
29 14 0.12222222222222222
40 1 0.03333333333333333
42 45 0.022222222222222223
42 47 0.011111111111111112
43 34 0.022222222222222223
43 39 0.022222222222222223
43 40 0.06666666666666667
43 66 0.022222222222222223
43 78 0.06666666666666667
45 1 0.022222222222222223
47 1 0.011111111111111112
50 51 0.12222222222222222
52 10 0.022222222222222223
53 1 0.011111111111111112
54 1 0.011111111111111112
71 55 0.06666666666666667
72 1 0.011111111111111112
78 68 0.06666666666666667
81 21 0.011111111111111112
