1 85 0.011111111111111112
2 86 0.011111111111111112
5 25 0.011111111111111112
6 22 0.022222222222222223
8 86 0.011111111111111112
11 86 0.011111111111111112
36 1 0.011111111111111112
39 1 0.011111111111111112
40 1 0.011111111111111112
42 36 0.011111111111111112
42 83 0.011111111111111112
43 39 0.011111111111111112
43 40 0.011111111111111112
43 83 0.022222222222222223
50 12 0.03333333333333333
52 10 0.011111111111111112
59 50 0.011111111111111112
71 55 0.12222222222222222
80 55 0.12222222222222222
