1 41 0.03333333333333333
1 57 0.022222222222222223
1 70 0.011111111111111112
1 86 0.011111111111111112
1 89 0.18888888888888888
6 18 0.011111111111111112
6 20 0.011111111111111112
6 23 0.022222222222222223
6 26 0.022222222222222223
6 54 0.15555555555555556
6 57 0.044444444444444446
18 1 0.011111111111111112
20 1 0.011111111111111112
23 1 0.022222222222222223
26 1 0.022222222222222223
29 14 0.03333333333333333
33 1 0.011111111111111112
34 1 0.022222222222222223
38 1 0.022222222222222223
39 1 0.05555555555555555
42 45 0.044444444444444446
43 34 0.03333333333333333
43 38 0.022222222222222223
43 39 0.07777777777777778
43 48 0.022222222222222223
43 77 0.044444444444444446
45 1 0.044444444444444446
48 1 0.011111111111111112
52 10 0.011111111111111112
54 1 0.2
57 15 0.044444444444444446
61 1 0.022222222222222223
67 30 0.022222222222222223
95 1 0.022222222222222223
