1 41 0.03333333333333333
1 76 0.05555555555555555
1 87 0.13333333333333333
1 89 0.26666666666666666
1 94 0.022222222222222223
1 96 0.07777777777777778
6 16 0.011111111111111112
6 20 0.011111111111111112
6 23 0.022222222222222223
6 26 0.13333333333333333
6 27 0.03333333333333333
6 63 0.05555555555555555
14 64 0.05555555555555555
20 1 0.011111111111111112
23 1 0.022222222222222223
26 1 0.13333333333333333
29 14 0.07777777777777778
33 1 0.022222222222222223
38 1 0.03333333333333333
39 1 0.05555555555555555
42 45 0.03333333333333333
43 38 0.03333333333333333
43 39 0.06666666666666667
43 44 0.022222222222222223
43 46 0.011111111111111112
43 48 0.07777777777777778
43 77 0.08888888888888889
45 1 0.03333333333333333
48 1 0.044444444444444446
64 1 0.03333333333333333
95 1 0.06666666666666667
