1 57 0.022222222222222223
1 86 0.011111111111111112
1 94 0.022222222222222223
2 86 0.011111111111111112
6 16 0.011111111111111112
6 18 0.011111111111111112
6 23 0.044444444444444446
6 54 0.044444444444444446
6 57 0.022222222222222223
6 59 0.011111111111111112
8 86 0.044444444444444446
11 86 0.022222222222222223
14 64 0.1111111111111111
18 1 0.011111111111111112
20 1 0.011111111111111112
23 1 0.044444444444444446
29 14 0.011111111111111112
34 1 0.011111111111111112
36 1 0.05555555555555555
38 1 0.011111111111111112
39 1 0.011111111111111112
40 1 0.06666666666666667
42 36 0.06666666666666667
42 47 0.05555555555555555
42 83 0.022222222222222223
43 34 0.011111111111111112
43 38 0.011111111111111112
43 39 0.08888888888888889
43 40 0.1111111111111111
43 44 0.06666666666666667
43 66 0.011111111111111112
43 69 0.15555555555555556
45 1 0.011111111111111112
47 1 0.044444444444444446
53 1 0.05555555555555555
54 1 0.08888888888888889
57 15 0.044444444444444446
59 50 0.011111111111111112
61 1 0.03333333333333333
62 1 0.03333333333333333
64 1 0.06666666666666667
71 55 0.12222222222222222
72 1 0.011111111111111112
74 73 0.044444444444444446
80 55 0.12222222222222222
82 19 0.011111111111111112
