1 81 0.05555555555555555
3 4 0.05555555555555555
5 25 0.022222222222222223
6 16 0.011111111111111112
6 18 0.03333333333333333
6 54 0.022222222222222223
6 59 0.011111111111111112
7 1 0.1111111111111111
8 81 0.08888888888888889
11 81 0.07777777777777778
18 1 0.03333333333333333
21 1 0.13333333333333333
31 75 0.25555555555555554
31 82 0.28888888888888886
33 1 0.03333333333333333
34 1 0.011111111111111112
37 1 0.011111111111111112
38 1 0.011111111111111112
40 1 0.08888888888888889
50 12 0.022222222222222223
54 1 0.03333333333333333
59 50 0.07777777777777778
60 13 0.022222222222222223
61 1 0.011111111111111112
62 1 0.011111111111111112
71 56 0.1
80 56 0.1
81 21 0.16666666666666666
82 19 0.08888888888888889
