1 32 0.022222222222222223
1 81 0.022222222222222223
3 4 0.03333333333333333
5 25 0.03333333333333333
6 54 0.044444444444444446
6 59 0.011111111111111112
7 1 0.12222222222222222
11 81 0.044444444444444446
21 1 0.05555555555555555
29 14 0.03333333333333333
31 75 0.03333333333333333
31 82 0.1
33 1 0.044444444444444446
34 1 0.011111111111111112
37 1 0.011111111111111112
38 1 0.022222222222222223
40 1 0.022222222222222223
50 12 0.011111111111111112
54 1 0.05555555555555555
59 50 0.022222222222222223
61 1 0.022222222222222223
71 56 0.1
74 73 0.011111111111111112
80 56 0.1
81 21 0.05555555555555555
82 19 0.1
