1 85 0.011111111111111112
3 4 0.022222222222222223
5 25 0.022222222222222223
6 22 0.05555555555555555
6 54 0.044444444444444446
6 59 0.022222222222222223
22 17 0.1
34 1 0.011111111111111112
36 1 0.044444444444444446
37 1 0.022222222222222223
38 1 0.011111111111111112
40 1 0.011111111111111112
42 36 0.05555555555555555
42 60 0.022222222222222223
43 34 0.011111111111111112
43 38 0.022222222222222223
43 40 0.011111111111111112
43 44 0.1111111111111111
43 69 0.03333333333333333
43 83 0.07777777777777778
50 12 0.022222222222222223
53 1 0.011111111111111112
54 1 0.03333333333333333
59 50 0.03333333333333333
60 13 0.011111111111111112
61 1 0.06666666666666667
71 55 0.1
80 55 0.2111111111111111
82 19 0.011111111111111112
