1 81 0.011111111111111112
3 4 0.022222222222222223
6 18 0.011111111111111112
6 22 0.06666666666666667
6 35 0.011111111111111112
6 54 0.044444444444444446
8 81 0.022222222222222223
18 1 0.011111111111111112
21 1 0.08888888888888889
22 17 0.1111111111111111
34 1 0.044444444444444446
36 1 0.044444444444444446
42 36 0.044444444444444446
42 60 0.03333333333333333
42 83 0.011111111111111112
43 34 0.06666666666666667
43 44 0.011111111111111112
43 83 0.044444444444444446
50 12 0.011111111111111112
54 1 0.05555555555555555
60 13 0.03333333333333333
61 1 0.011111111111111112
71 56 0.1111111111111111
74 73 0.011111111111111112
80 56 0.1111111111111111
81 21 0.1
82 19 0.05555555555555555
