1 32 0.011111111111111112
1 90 0.05555555555555555
1 94 0.07777777777777778
14 64 0.25555555555555554
34 1 0.011111111111111112
39 1 0.022222222222222223
40 1 0.011111111111111112
42 45 0.022222222222222223
43 34 0.011111111111111112
43 38 0.011111111111111112
43 39 0.011111111111111112
43 40 0.022222222222222223
43 46 0.011111111111111112
43 48 0.011111111111111112
43 66 0.011111111111111112
45 1 0.011111111111111112
53 1 0.05555555555555555
64 1 0.07777777777777778
67 30 0.06666666666666667
71 55 0.12222222222222222
95 1 0.07777777777777778
