1 32 0.12222222222222222
1 41 0.011111111111111112
1 85 0.05555555555555555
1 88 0.13333333333333333
1 89 0.2222222222222222
1 92 0.12222222222222222
1 96 0.08888888888888889
6 16 0.044444444444444446
6 18 0.08888888888888889
6 23 0.12222222222222222
6 27 0.12222222222222222
6 63 0.13333333333333333
6 84 0.044444444444444446
6 98 0.011111111111111112
10 93 0.011111111111111112
14 65 0.011111111111111112
42 45 0.022222222222222223
43 34 0.03333333333333333
43 99 0.07777777777777778
67 30 0.011111111111111112
