1 81 0.022222222222222223
3 4 0.044444444444444446
5 25 0.011111111111111112
6 18 0.011111111111111112
6 35 0.03333333333333333
7 1 0.011111111111111112
8 81 0.011111111111111112
11 81 0.03333333333333333
18 1 0.011111111111111112
21 1 0.03333333333333333
29 14 0.011111111111111112
31 75 0.044444444444444446
31 82 0.12222222222222222
33 1 0.011111111111111112
37 1 0.011111111111111112
38 1 0.03333333333333333
50 12 0.044444444444444446
52 10 0.022222222222222223
59 50 0.05555555555555555
60 13 0.05555555555555555
62 1 0.011111111111111112
71 56 0.1111111111111111
74 73 0.022222222222222223
80 56 0.1111111111111111
81 21 0.03333333333333333
82 19 0.06666666666666667
