1 85 0.011111111111111112
1 86 0.03333333333333333
1 87 0.03333333333333333
1 88 0.011111111111111112
1 89 0.05555555555555555
1 92 0.03333333333333333
1 94 0.022222222222222223
1 96 0.011111111111111112
2 86 0.022222222222222223
6 18 0.011111111111111112
6 23 0.03333333333333333
6 26 0.05555555555555555
6 54 0.011111111111111112
6 59 0.1
8 86 0.022222222222222223
10 93 0.011111111111111112
11 86 0.044444444444444446
14 64 0.36666666666666664
14 65 0.011111111111111112
18 1 0.011111111111111112
26 1 0.12222222222222222
33 1 0.03333333333333333
34 1 0.022222222222222223
40 1 0.07777777777777778
42 45 0.07777777777777778
42 47 0.022222222222222223
42 83 0.08888888888888889
43 34 0.022222222222222223
43 40 0.011111111111111112
43 44 0.011111111111111112
43 66 0.03333333333333333
47 1 0.011111111111111112
50 51 1.0
59 50 0.08888888888888889
64 1 0.03333333333333333
71 55 0.011111111111111112
80 55 0.022222222222222223
95 1 0.06666666666666667
