6 23 0.011111111111111112
6 26 0.011111111111111112
6 35 0.022222222222222223
6 54 0.022222222222222223
6 59 0.011111111111111112
23 1 0.011111111111111112
26 1 0.011111111111111112
40 1 0.022222222222222223
42 47 0.022222222222222223
42 60 0.011111111111111112
43 40 0.03333333333333333
43 69 0.011111111111111112
43 83 0.03333333333333333
47 1 0.022222222222222223
50 51 0.16666666666666666
53 1 0.044444444444444446
54 1 0.022222222222222223
59 50 0.011111111111111112
60 13 0.011111111111111112
61 1 0.011111111111111112
71 55 0.1111111111111111
80 55 0.1111111111111111
