1 86 0.022222222222222223
1 87 0.05555555555555555
1 89 0.044444444444444446
1 92 0.022222222222222223
1 94 0.011111111111111112
2 86 0.022222222222222223
6 18 0.011111111111111112
6 23 0.03333333333333333
6 26 0.05555555555555555
6 27 0.011111111111111112
6 54 0.011111111111111112
6 57 0.011111111111111112
6 59 0.022222222222222223
6 97 0.03333333333333333
8 86 0.06666666666666667
11 86 0.022222222222222223
14 64 0.03333333333333333
18 1 0.011111111111111112
26 1 0.05555555555555555
29 14 0.06666666666666667
37 1 0.022222222222222223
40 1 0.03333333333333333
42 45 0.03333333333333333
42 47 0.011111111111111112
43 34 0.022222222222222223
43 40 0.044444444444444446
43 48 0.011111111111111112
43 66 0.03333333333333333
45 1 0.03333333333333333
47 1 0.011111111111111112
48 1 0.011111111111111112
50 51 0.45555555555555555
53 1 0.011111111111111112
54 1 0.044444444444444446
59 50 0.011111111111111112
61 1 0.011111111111111112
64 1 0.022222222222222223
71 55 0.011111111111111112
