1 32 0.13333333333333333
1 70 0.13333333333333333
1 76 0.03333333333333333
1 88 0.011111111111111112
1 89 0.2777777777777778
1 90 0.05555555555555555
1 94 0.07777777777777778
6 18 0.044444444444444446
6 20 0.044444444444444446
6 23 0.37777777777777777
6 27 0.011111111111111112
6 58 0.14444444444444443
14 64 0.12222222222222222
18 1 0.011111111111111112
20 1 0.011111111111111112
23 1 0.14444444444444443
29 14 0.25555555555555554
39 1 0.011111111111111112
42 45 0.011111111111111112
43 39 0.011111111111111112
43 44 0.011111111111111112
43 46 0.022222222222222223
43 48 0.06666666666666667
43 79 0.03333333333333333
45 1 0.011111111111111112
48 1 0.011111111111111112
72 1 0.011111111111111112
79 68 0.03333333333333333
