3 4 0.022222222222222223
5 25 0.011111111111111112
6 18 0.03333333333333333
6 35 0.011111111111111112
6 59 0.022222222222222223
7 1 0.022222222222222223
8 81 0.03333333333333333
11 81 0.011111111111111112
18 1 0.03333333333333333
21 1 0.08888888888888889
31 75 0.044444444444444446
31 82 0.022222222222222223
33 1 0.03333333333333333
40 1 0.022222222222222223
50 12 0.011111111111111112
59 50 0.06666666666666667
60 13 0.011111111111111112
71 56 0.1111111111111111
74 73 0.022222222222222223
80 56 0.1111111111111111
81 21 0.08888888888888889
82 19 0.03333333333333333
