1 32 0.022222222222222223
1 41 0.011111111111111112
1 70 0.022222222222222223
1 76 0.044444444444444446
1 85 0.03333333333333333
1 87 0.16666666666666666
1 88 0.06666666666666667
1 89 0.45555555555555555
1 90 0.08888888888888889
1 92 0.011111111111111112
1 94 0.044444444444444446
1 96 0.14444444444444443
6 18 0.05555555555555555
6 23 0.13333333333333333
6 26 0.05555555555555555
6 63 0.05555555555555555
14 64 0.07777777777777778
18 1 0.05555555555555555
23 1 0.06666666666666667
26 1 0.06666666666666667
29 14 0.08888888888888889
33 1 0.011111111111111112
37 1 0.011111111111111112
43 44 0.011111111111111112
43 48 0.03333333333333333
43 78 0.011111111111111112
43 79 0.011111111111111112
43 91 0.011111111111111112
48 1 0.022222222222222223
64 1 0.05555555555555555
67 30 0.011111111111111112
78 68 0.011111111111111112
79 68 0.011111111111111112
95 1 0.06666666666666667
