1 32 0.28888888888888886
1 41 0.03333333333333333
1 70 0.2
1 76 0.05555555555555555
1 88 0.022222222222222223
1 89 0.08888888888888889
1 90 0.23333333333333334
1 94 0.07777777777777778
1 96 0.011111111111111112
6 9 0.011111111111111112
6 16 0.13333333333333333
6 18 0.15555555555555556
6 20 0.05555555555555555
6 23 0.4111111111111111
6 27 0.011111111111111112
6 28 0.022222222222222223
6 58 0.4111111111111111
6 63 0.2777777777777778
9 10 0.011111111111111112
14 64 0.03333333333333333
18 1 0.044444444444444446
20 1 0.03333333333333333
23 1 0.03333333333333333
29 14 0.1111111111111111
38 1 0.011111111111111112
39 1 0.011111111111111112
43 38 0.011111111111111112
43 39 0.022222222222222223
43 44 0.03333333333333333
43 46 0.14444444444444443
43 78 0.07777777777777778
43 79 0.07777777777777778
67 30 0.011111111111111112
78 68 0.05555555555555555
79 68 0.06666666666666667
