1 32 0.011111111111111112
1 87 0.011111111111111112
2 86 0.022222222222222223
6 22 0.011111111111111112
6 35 0.03333333333333333
6 59 0.011111111111111112
8 81 0.011111111111111112
8 86 0.011111111111111112
11 86 0.011111111111111112
29 14 0.03333333333333333
42 83 0.011111111111111112
43 69 0.011111111111111112
43 83 0.044444444444444446
43 91 0.07777777777777778
52 10 0.011111111111111112
53 1 0.011111111111111112
59 50 0.011111111111111112
60 13 0.011111111111111112
62 1 0.011111111111111112
71 55 0.12222222222222222
80 55 0.12222222222222222
82 19 0.011111111111111112
