1 85 0.03333333333333333
1 88 0.14444444444444443
1 89 0.2777777777777778
1 96 0.03333333333333333
6 18 0.044444444444444446
6 23 0.14444444444444443
6 63 0.03333333333333333
6 98 0.044444444444444446
14 65 0.07777777777777778
18 1 0.011111111111111112
23 1 0.011111111111111112
29 14 0.24444444444444444
33 1 0.011111111111111112
38 1 0.011111111111111112
39 1 0.011111111111111112
43 38 0.03333333333333333
43 39 0.011111111111111112
43 44 0.011111111111111112
43 48 0.06666666666666667
43 66 0.011111111111111112
43 77 0.011111111111111112
43 99 0.03333333333333333
48 1 0.011111111111111112
67 30 0.011111111111111112
72 1 0.011111111111111112
