1 32 0.12222222222222222
1 76 0.044444444444444446
1 85 0.011111111111111112
1 88 0.1
1 89 0.28888888888888886
1 96 0.16666666666666666
6 9 0.03333333333333333
6 16 0.022222222222222223
6 18 0.1111111111111111
6 23 0.16666666666666666
6 27 0.022222222222222223
6 28 0.022222222222222223
6 63 0.12222222222222222
6 98 0.044444444444444446
9 10 0.03333333333333333
14 65 0.011111111111111112
18 1 0.011111111111111112
23 1 0.011111111111111112
29 14 0.05555555555555555
39 1 0.011111111111111112
43 44 0.011111111111111112
43 46 0.011111111111111112
45 1 0.011111111111111112
