1 76 0.011111111111111112
1 86 0.011111111111111112
1 87 0.011111111111111112
1 89 0.011111111111111112
1 94 0.07777777777777778
2 86 0.022222222222222223
6 20 0.011111111111111112
6 23 0.022222222222222223
6 26 0.011111111111111112
6 57 0.011111111111111112
6 59 0.05555555555555555
8 86 0.022222222222222223
11 86 0.044444444444444446
21 1 0.044444444444444446
26 1 0.011111111111111112
29 14 0.06666666666666667
34 1 0.011111111111111112
42 47 0.022222222222222223
43 66 0.011111111111111112
43 78 0.011111111111111112
50 51 0.4222222222222222
54 1 0.044444444444444446
59 50 0.05555555555555555
71 55 0.022222222222222223
72 1 0.1111111111111111
78 68 0.011111111111111112
81 21 0.011111111111111112
