1 32 0.07777777777777778
1 41 0.022222222222222223
1 85 0.044444444444444446
1 88 0.07777777777777778
1 89 0.3111111111111111
1 92 0.011111111111111112
1 94 0.08888888888888889
1 96 0.011111111111111112
6 16 0.07777777777777778
6 18 0.1111111111111111
6 20 0.06666666666666667
6 23 0.17777777777777778
6 27 0.08888888888888889
6 97 0.011111111111111112
6 98 0.011111111111111112
14 64 0.12222222222222222
14 65 0.03333333333333333
18 1 0.1111111111111111
20 1 0.06666666666666667
23 1 0.07777777777777778
33 1 0.011111111111111112
34 1 0.011111111111111112
38 1 0.03333333333333333
39 1 0.011111111111111112
43 38 0.03333333333333333
43 46 0.011111111111111112
43 48 0.044444444444444446
43 77 0.022222222222222223
43 79 0.011111111111111112
45 1 0.022222222222222223
48 1 0.044444444444444446
62 1 0.022222222222222223
64 1 0.12222222222222222
72 1 0.022222222222222223
79 68 0.022222222222222223
