1 86 0.022222222222222223
6 16 0.022222222222222223
6 18 0.011111111111111112
6 23 0.022222222222222223
6 26 0.044444444444444446
6 35 0.011111111111111112
6 54 0.08888888888888889
8 86 0.03333333333333333
11 86 0.022222222222222223
18 1 0.011111111111111112
20 1 0.022222222222222223
23 1 0.022222222222222223
24 1 0.011111111111111112
26 1 0.044444444444444446
40 1 0.011111111111111112
42 47 0.06666666666666667
43 40 0.011111111111111112
43 69 0.03333333333333333
43 83 0.03333333333333333
47 1 0.06666666666666667
50 51 0.14444444444444443
53 1 0.011111111111111112
54 1 0.08888888888888889
61 1 0.011111111111111112
62 1 0.022222222222222223
71 55 0.1111111111111111
80 55 0.1111111111111111
