1 32 0.022222222222222223
1 85 0.03333333333333333
1 88 0.1111111111111111
1 89 0.35555555555555557
1 96 0.07777777777777778
6 9 0.011111111111111112
6 16 0.011111111111111112
6 18 0.06666666666666667
6 23 0.2111111111111111
6 27 0.022222222222222223
6 28 0.03333333333333333
6 63 0.06666666666666667
6 84 0.011111111111111112
6 97 0.011111111111111112
6 98 0.06666666666666667
9 10 0.011111111111111112
14 65 0.23333333333333334
18 1 0.03333333333333333
23 1 0.044444444444444446
33 1 0.011111111111111112
38 1 0.011111111111111112
43 38 0.05555555555555555
43 44 0.022222222222222223
43 48 0.06666666666666667
43 77 0.044444444444444446
43 99 0.011111111111111112
45 1 0.011111111111111112
48 1 0.022222222222222223
62 1 0.011111111111111112
