1 81 0.011111111111111112
5 25 0.011111111111111112
6 18 0.011111111111111112
6 23 0.011111111111111112
6 35 0.011111111111111112
6 54 0.03333333333333333
8 81 0.011111111111111112
11 81 0.03333333333333333
18 1 0.011111111111111112
23 1 0.011111111111111112
36 1 0.022222222222222223
42 36 0.022222222222222223
42 60 0.022222222222222223
42 83 0.022222222222222223
43 69 0.011111111111111112
43 83 0.011111111111111112
50 12 0.022222222222222223
54 1 0.03333333333333333
62 1 0.022222222222222223
71 56 0.03333333333333333
80 56 0.03333333333333333
81 21 0.011111111111111112
