5 25 0.011111111111111112
6 18 0.011111111111111112
6 22 0.022222222222222223
6 35 0.022222222222222223
18 1 0.011111111111111112
21 1 0.022222222222222223
22 17 0.022222222222222223
29 14 0.022222222222222223
36 1 0.022222222222222223
38 1 0.011111111111111112
42 36 0.022222222222222223
42 83 0.011111111111111112
43 38 0.044444444444444446
43 83 0.011111111111111112
60 13 0.011111111111111112
62 1 0.022222222222222223
71 56 0.1111111111111111
74 73 0.03333333333333333
80 56 0.1111111111111111
81 21 0.022222222222222223
82 19 0.011111111111111112
