1 32 0.011111111111111112
1 81 0.044444444444444446
3 4 0.011111111111111112
5 25 0.044444444444444446
6 18 0.05555555555555555
6 35 0.03333333333333333
6 54 0.05555555555555555
6 59 0.011111111111111112
7 1 0.022222222222222223
8 81 0.044444444444444446
11 81 0.12222222222222222
18 1 0.05555555555555555
21 1 0.1
29 14 0.022222222222222223
33 1 0.022222222222222223
34 1 0.011111111111111112
36 1 0.14444444444444443
37 1 0.022222222222222223
40 1 0.011111111111111112
50 12 0.022222222222222223
54 1 0.06666666666666667
59 50 0.044444444444444446
60 13 0.022222222222222223
71 56 0.17777777777777778
74 73 0.022222222222222223
80 56 0.15555555555555556
81 21 0.1
