1 32 0.022222222222222223
1 41 0.12222222222222222
1 57 0.044444444444444446
1 88 0.011111111111111112
1 89 0.03333333333333333
1 90 0.022222222222222223
6 16 0.022222222222222223
6 18 0.011111111111111112
6 20 0.022222222222222223
6 23 0.2222222222222222
6 26 0.13333333333333333
6 28 0.06666666666666667
6 54 0.15555555555555556
6 57 0.1111111111111111
14 64 0.044444444444444446
18 1 0.022222222222222223
20 1 0.022222222222222223
23 1 0.14444444444444443
26 1 0.13333333333333333
29 14 0.12222222222222222
42 45 0.011111111111111112
43 66 0.07777777777777778
43 77 0.011111111111111112
43 78 0.07777777777777778
43 79 0.13333333333333333
45 1 0.011111111111111112
54 1 0.17777777777777778
57 15 0.08888888888888889
64 1 0.12222222222222222
78 68 0.07777777777777778
79 68 0.13333333333333333
