1 57 0.15555555555555556
1 86 0.05555555555555555
1 87 0.03333333333333333
1 89 0.044444444444444446
6 20 0.011111111111111112
6 23 0.044444444444444446
6 26 0.022222222222222223
6 54 0.06666666666666667
6 57 0.05555555555555555
14 64 0.03333333333333333
20 1 0.011111111111111112
23 1 0.03333333333333333
26 1 0.022222222222222223
29 14 0.06666666666666667
33 1 0.03333333333333333
34 1 0.1
37 1 0.022222222222222223
38 1 0.03333333333333333
39 1 0.022222222222222223
42 45 0.044444444444444446
43 34 0.1
43 38 0.03333333333333333
43 39 0.022222222222222223
43 44 0.011111111111111112
43 46 0.022222222222222223
43 48 0.022222222222222223
43 77 0.06666666666666667
45 1 0.03333333333333333
48 1 0.011111111111111112
54 1 0.18888888888888888
57 15 0.12222222222222222
61 1 0.03333333333333333
64 1 0.022222222222222223
67 30 0.03333333333333333
72 1 0.06666666666666667
95 1 0.022222222222222223
