1 32 0.011111111111111112
1 57 0.08888888888888889
1 86 0.03333333333333333
1 87 0.03333333333333333
1 88 0.011111111111111112
1 89 0.044444444444444446
1 90 0.022222222222222223
1 94 0.011111111111111112
6 18 0.03333333333333333
6 20 0.044444444444444446
6 23 0.07777777777777778
6 26 0.17777777777777778
6 27 0.06666666666666667
6 54 0.1
6 57 0.1
14 64 0.08888888888888889
14 65 0.044444444444444446
18 1 0.03333333333333333
20 1 0.03333333333333333
23 1 0.07777777777777778
26 1 0.16666666666666666
29 14 0.06666666666666667
33 1 0.03333333333333333
38 1 0.044444444444444446
39 1 0.011111111111111112
40 1 0.022222222222222223
42 45 0.07777777777777778
43 38 0.044444444444444446
43 39 0.011111111111111112
43 40 0.022222222222222223
43 46 0.011111111111111112
43 48 0.06666666666666667
43 66 0.011111111111111112
43 78 0.03333333333333333
43 79 0.12222222222222222
45 1 0.06666666666666667
48 1 0.044444444444444446
52 10 0.011111111111111112
53 1 0.022222222222222223
54 1 0.13333333333333333
57 15 0.05555555555555555
61 1 0.05555555555555555
64 1 0.05555555555555555
78 68 0.03333333333333333
79 68 0.1
95 1 0.022222222222222223
