1 32 0.011111111111111112
1 41 0.011111111111111112
1 57 0.03333333333333333
1 76 0.044444444444444446
1 89 0.022222222222222223
6 18 0.03333333333333333
6 20 0.03333333333333333
6 23 0.08888888888888889
6 26 0.05555555555555555
6 54 0.05555555555555555
6 57 0.044444444444444446
18 1 0.03333333333333333
20 1 0.03333333333333333
23 1 0.05555555555555555
26 1 0.05555555555555555
29 14 0.011111111111111112
33 1 0.011111111111111112
34 1 0.022222222222222223
38 1 0.011111111111111112
43 34 0.022222222222222223
43 38 0.011111111111111112
43 66 0.044444444444444446
52 10 0.011111111111111112
54 1 0.1111111111111111
57 15 0.044444444444444446
61 1 0.05555555555555555
62 1 0.011111111111111112
67 30 0.011111111111111112
72 1 0.022222222222222223
95 1 0.011111111111111112
