1 32 0.06666666666666667
1 41 0.12222222222222222
1 57 0.18888888888888888
1 70 0.011111111111111112
1 76 0.05555555555555555
1 86 0.03333333333333333
1 90 0.022222222222222223
1 94 0.011111111111111112
6 18 0.011111111111111112
6 20 0.022222222222222223
6 23 0.13333333333333333
6 26 0.03333333333333333
6 54 0.12222222222222222
6 57 0.4111111111111111
14 64 0.022222222222222223
18 1 0.011111111111111112
20 1 0.022222222222222223
23 1 0.08888888888888889
26 1 0.03333333333333333
33 1 0.011111111111111112
39 1 0.011111111111111112
43 39 0.011111111111111112
43 78 0.011111111111111112
43 79 0.022222222222222223
52 10 0.08888888888888889
54 1 0.13333333333333333
57 15 0.2111111111111111
61 1 0.011111111111111112
64 1 0.022222222222222223
67 30 0.03333333333333333
72 1 0.03333333333333333
78 68 0.011111111111111112
79 68 0.022222222222222223
95 1 0.011111111111111112
