1 32 0.044444444444444446
1 41 0.14444444444444443
1 70 0.022222222222222223
1 87 0.011111111111111112
1 90 0.022222222222222223
1 94 0.044444444444444446
6 18 0.022222222222222223
6 20 0.05555555555555555
6 23 0.022222222222222223
6 26 0.13333333333333333
6 54 0.011111111111111112
6 57 0.022222222222222223
6 97 0.011111111111111112
14 64 0.022222222222222223
20 1 0.05555555555555555
23 1 0.022222222222222223
26 1 0.14444444444444443
29 14 0.05555555555555555
33 1 0.011111111111111112
43 46 0.022222222222222223
43 78 0.022222222222222223
43 79 0.03333333333333333
54 1 0.022222222222222223
57 15 0.011111111111111112
64 1 0.011111111111111112
78 68 0.03333333333333333
79 68 0.03333333333333333
95 1 0.044444444444444446
