1 32 0.1111111111111111
1 41 0.044444444444444446
1 57 0.17777777777777778
1 76 0.022222222222222223
1 86 0.011111111111111112
1 87 0.03333333333333333
1 88 0.011111111111111112
1 89 0.022222222222222223
1 90 0.07777777777777778
6 18 0.011111111111111112
6 20 0.022222222222222223
6 23 0.06666666666666667
6 26 0.07777777777777778
6 54 0.08888888888888889
6 57 0.2
14 64 0.011111111111111112
18 1 0.011111111111111112
20 1 0.022222222222222223
23 1 0.06666666666666667
26 1 0.07777777777777778
29 14 0.05555555555555555
33 1 0.022222222222222223
34 1 0.03333333333333333
39 1 0.022222222222222223
40 1 0.022222222222222223
43 34 0.044444444444444446
43 39 0.011111111111111112
43 40 0.022222222222222223
43 44 0.011111111111111112
43 48 0.011111111111111112
43 66 0.03333333333333333
43 77 0.07777777777777778
43 79 0.011111111111111112
48 1 0.011111111111111112
54 1 0.17777777777777778
57 15 0.011111111111111112
61 1 0.044444444444444446
64 1 0.011111111111111112
67 30 0.022222222222222223
72 1 0.011111111111111112
79 68 0.011111111111111112
