1 32 0.044444444444444446
1 41 0.044444444444444446
1 57 0.05555555555555555
1 76 0.03333333333333333
1 88 0.011111111111111112
1 89 0.06666666666666667
6 18 0.011111111111111112
6 20 0.011111111111111112
6 23 0.05555555555555555
6 26 0.011111111111111112
6 54 0.13333333333333333
6 57 0.044444444444444446
18 1 0.011111111111111112
20 1 0.011111111111111112
23 1 0.03333333333333333
26 1 0.011111111111111112
29 14 0.03333333333333333
43 40 0.011111111111111112
43 66 0.05555555555555555
43 77 0.011111111111111112
53 1 0.011111111111111112
54 1 0.16666666666666666
57 15 0.03333333333333333
61 1 0.044444444444444446
95 1 0.011111111111111112
