1 32 0.011111111111111112
1 57 0.011111111111111112
1 94 0.011111111111111112
6 20 0.011111111111111112
6 23 0.022222222222222223
6 26 0.044444444444444446
6 54 0.03333333333333333
6 57 0.05555555555555555
6 59 0.011111111111111112
8 86 0.011111111111111112
11 86 0.011111111111111112
14 64 0.03333333333333333
18 1 0.011111111111111112
26 1 0.05555555555555555
29 14 0.07777777777777778
42 47 0.022222222222222223
43 34 0.011111111111111112
43 66 0.05555555555555555
43 78 0.011111111111111112
47 1 0.022222222222222223
50 51 0.4111111111111111
54 1 0.022222222222222223
59 50 0.011111111111111112
71 55 0.011111111111111112
78 68 0.011111111111111112
