3 4 0.011111111111111112
5 25 0.022222222222222223
6 35 0.022222222222222223
6 54 0.011111111111111112
6 59 0.05555555555555555
7 1 0.011111111111111112
8 81 0.03333333333333333
11 81 0.011111111111111112
21 1 0.06666666666666667
33 1 0.022222222222222223
34 1 0.022222222222222223
36 1 0.03333333333333333
38 1 0.011111111111111112
50 12 0.06666666666666667
54 1 0.011111111111111112
59 50 0.08888888888888889
60 13 0.011111111111111112
71 56 0.1111111111111111
80 56 0.1111111111111111
81 21 0.06666666666666667
