1 81 0.1
1 85 0.011111111111111112
3 4 0.044444444444444446
5 25 0.011111111111111112
6 16 0.011111111111111112
6 18 0.011111111111111112
6 22 0.03333333333333333
6 23 0.044444444444444446
6 27 0.044444444444444446
6 28 0.022222222222222223
6 54 0.044444444444444446
6 59 0.044444444444444446
8 81 0.03333333333333333
11 81 0.06666666666666667
18 1 0.011111111111111112
20 1 0.011111111111111112
21 1 0.14444444444444443
22 17 0.08888888888888889
23 1 0.044444444444444446
24 1 0.06666666666666667
29 14 0.011111111111111112
31 82 0.3888888888888889
33 1 0.022222222222222223
34 1 0.011111111111111112
36 1 0.1111111111111111
40 1 0.022222222222222223
50 12 0.05555555555555555
53 1 0.011111111111111112
54 1 0.06666666666666667
59 50 0.044444444444444446
60 13 0.03333333333333333
62 1 0.022222222222222223
71 56 0.03333333333333333
80 56 0.03333333333333333
81 21 0.2
82 19 0.03333333333333333
