1 32 0.16666666666666666
1 41 0.1111111111111111
1 70 0.044444444444444446
1 87 0.07777777777777778
1 88 0.022222222222222223
1 89 0.2
1 90 0.1111111111111111
1 92 0.011111111111111112
1 94 0.022222222222222223
1 96 0.08888888888888889
6 16 0.011111111111111112
6 18 0.03333333333333333
6 20 0.03333333333333333
6 23 0.1111111111111111
6 26 0.1111111111111111
6 58 0.03333333333333333
6 63 0.022222222222222223
14 64 0.14444444444444443
20 1 0.03333333333333333
23 1 0.05555555555555555
26 1 0.1
29 14 0.12222222222222222
37 1 0.03333333333333333
39 1 0.06666666666666667
42 45 0.044444444444444446
43 39 0.1
43 46 0.011111111111111112
43 48 0.15555555555555556
43 77 0.022222222222222223
43 78 0.011111111111111112
43 79 0.03333333333333333
43 91 0.022222222222222223
45 1 0.044444444444444446
48 1 0.1
64 1 0.07777777777777778
67 30 0.011111111111111112
78 68 0.011111111111111112
79 68 0.03333333333333333
95 1 0.1
