1 85 0.03333333333333333
1 88 0.2
1 89 0.5888888888888889
1 92 0.06666666666666667
1 96 0.2777777777777778
6 9 0.022222222222222223
6 16 0.011111111111111112
6 18 0.07777777777777778
6 23 0.08888888888888889
6 63 0.011111111111111112
6 97 0.022222222222222223
6 98 0.011111111111111112
9 10 0.022222222222222223
14 65 0.23333333333333334
23 1 0.011111111111111112
29 14 0.4
33 1 0.011111111111111112
39 1 0.011111111111111112
42 45 0.022222222222222223
43 34 0.022222222222222223
43 38 0.022222222222222223
43 39 0.08888888888888889
43 44 0.022222222222222223
43 46 0.044444444444444446
43 48 0.2777777777777778
43 66 0.022222222222222223
43 77 0.011111111111111112
45 1 0.011111111111111112
48 1 0.022222222222222223
67 30 0.011111111111111112
