1 57 0.07777777777777778
1 76 0.03333333333333333
1 85 0.011111111111111112
1 86 0.03333333333333333
1 89 0.022222222222222223
2 86 0.06666666666666667
6 57 0.022222222222222223
6 59 0.03333333333333333
8 86 0.06666666666666667
11 86 0.05555555555555555
14 64 0.011111111111111112
36 1 0.022222222222222223
37 1 0.011111111111111112
42 36 0.022222222222222223
42 47 0.011111111111111112
42 83 0.05555555555555555
43 66 0.05555555555555555
43 69 0.022222222222222223
47 1 0.011111111111111112
53 1 0.03333333333333333
57 15 0.07777777777777778
59 50 0.022222222222222223
64 1 0.011111111111111112
71 55 0.13333333333333333
74 73 0.1
80 55 0.13333333333333333
