1 32 0.24444444444444444
1 41 0.08888888888888889
1 70 0.23333333333333334
1 76 0.044444444444444446
1 88 0.011111111111111112
1 89 0.06666666666666667
1 90 0.12222222222222222
1 94 0.05555555555555555
1 96 0.011111111111111112
6 16 0.03333333333333333
6 18 0.06666666666666667
6 20 0.044444444444444446
6 23 0.37777777777777777
6 58 0.3888888888888889
6 63 0.25555555555555554
14 64 0.17777777777777778
18 1 0.03333333333333333
20 1 0.011111111111111112
23 1 0.03333333333333333
29 14 0.07777777777777778
43 46 0.07777777777777778
43 66 0.022222222222222223
43 79 0.011111111111111112
67 30 0.044444444444444446
79 68 0.011111111111111112
