1 81 0.05555555555555555
3 4 0.022222222222222223
5 25 0.022222222222222223
6 18 0.05555555555555555
6 22 0.03333333333333333
6 35 0.03333333333333333
6 54 0.05555555555555555
8 81 0.044444444444444446
11 81 0.022222222222222223
18 1 0.05555555555555555
21 1 0.05555555555555555
22 17 0.08888888888888889
34 1 0.044444444444444446
36 1 0.06666666666666667
37 1 0.011111111111111112
39 1 0.011111111111111112
42 36 0.06666666666666667
42 60 0.044444444444444446
43 34 0.07777777777777778
43 39 0.011111111111111112
43 69 0.022222222222222223
43 83 0.011111111111111112
54 1 0.07777777777777778
60 13 0.044444444444444446
71 56 0.1
74 73 0.022222222222222223
80 56 0.1
81 21 0.05555555555555555
82 19 0.044444444444444446
