1 86 0.011111111111111112
5 25 0.022222222222222223
6 16 0.03333333333333333
6 18 0.022222222222222223
6 23 0.03333333333333333
6 26 0.011111111111111112
6 35 0.011111111111111112
6 54 0.08888888888888889
8 86 0.011111111111111112
11 86 0.011111111111111112
18 1 0.022222222222222223
23 1 0.03333333333333333
24 1 0.011111111111111112
26 1 0.011111111111111112
37 1 0.011111111111111112
38 1 0.011111111111111112
42 45 0.011111111111111112
42 47 0.08888888888888889
42 60 0.011111111111111112
42 83 0.011111111111111112
43 38 0.022222222222222223
43 69 0.022222222222222223
43 83 0.011111111111111112
45 1 0.011111111111111112
47 1 0.07777777777777778
50 12 0.011111111111111112
50 51 0.24444444444444444
54 1 0.1111111111111111
61 1 0.011111111111111112
71 55 0.1111111111111111
80 55 0.1111111111111111
