1 81 0.044444444444444446
3 4 0.06666666666666667
5 25 0.011111111111111112
6 18 0.044444444444444446
7 1 0.03333333333333333
8 81 0.022222222222222223
11 81 0.011111111111111112
18 1 0.044444444444444446
21 1 0.05555555555555555
29 14 0.011111111111111112
31 75 0.06666666666666667
31 82 0.022222222222222223
33 1 0.022222222222222223
40 1 0.011111111111111112
52 10 0.022222222222222223
59 50 0.044444444444444446
60 13 0.011111111111111112
62 1 0.022222222222222223
71 56 0.1
80 56 0.1
81 21 0.06666666666666667
82 19 0.03333333333333333
