1 85 0.011111111111111112
1 86 0.011111111111111112
1 87 0.044444444444444446
1 88 0.022222222222222223
1 89 0.011111111111111112
1 92 0.022222222222222223
2 86 0.05555555555555555
6 59 0.022222222222222223
8 86 0.022222222222222223
10 93 0.011111111111111112
11 86 0.1
29 14 0.022222222222222223
38 1 0.011111111111111112
39 1 0.011111111111111112
40 1 0.05555555555555555
42 47 0.03333333333333333
42 60 0.07777777777777778
42 83 0.1
43 38 0.011111111111111112
43 39 0.011111111111111112
43 40 0.08888888888888889
43 44 0.05555555555555555
43 83 0.03333333333333333
47 1 0.03333333333333333
53 1 0.022222222222222223
54 1 0.022222222222222223
59 50 0.022222222222222223
60 13 0.08888888888888889
61 1 0.044444444444444446
71 55 0.13333333333333333
80 55 0.13333333333333333
