2 86 0.011111111111111112
6 16 0.011111111111111112
6 18 0.011111111111111112
6 23 0.011111111111111112
6 35 0.011111111111111112
6 54 0.011111111111111112
6 59 0.011111111111111112
8 86 0.011111111111111112
18 1 0.011111111111111112
23 1 0.011111111111111112
29 14 0.08888888888888889
34 1 0.022222222222222223
42 47 0.03333333333333333
42 60 0.011111111111111112
43 34 0.022222222222222223
43 69 0.05555555555555555
43 83 0.06666666666666667
47 1 0.03333333333333333
53 1 0.022222222222222223
54 1 0.044444444444444446
59 50 0.011111111111111112
60 13 0.011111111111111112
62 1 0.011111111111111112
71 55 0.12222222222222222
80 55 0.12222222222222222
