1 86 0.022222222222222223
1 94 0.011111111111111112
2 86 0.05555555555555555
6 16 0.011111111111111112
6 23 0.044444444444444446
6 54 0.05555555555555555
8 86 0.03333333333333333
11 86 0.044444444444444446
14 64 0.1
20 1 0.011111111111111112
23 1 0.044444444444444446
24 1 0.011111111111111112
29 14 0.044444444444444446
33 1 0.011111111111111112
36 1 0.06666666666666667
38 1 0.05555555555555555
40 1 0.044444444444444446
42 36 0.06666666666666667
42 47 0.05555555555555555
42 83 0.022222222222222223
43 38 0.05555555555555555
43 40 0.07777777777777778
43 44 0.06666666666666667
43 66 0.011111111111111112
43 69 0.011111111111111112
47 1 0.05555555555555555
53 1 0.06666666666666667
54 1 0.14444444444444443
57 15 0.022222222222222223
61 1 0.011111111111111112
62 1 0.022222222222222223
64 1 0.08888888888888889
71 55 0.13333333333333333
74 73 0.05555555555555555
80 55 0.13333333333333333
82 19 0.011111111111111112
95 1 0.011111111111111112
