1 32 0.011111111111111112
1 76 0.011111111111111112
1 86 0.05555555555555555
1 87 0.011111111111111112
1 88 0.022222222222222223
1 89 0.05555555555555555
1 92 0.011111111111111112
2 86 0.022222222222222223
6 9 0.011111111111111112
6 23 0.011111111111111112
6 26 0.011111111111111112
6 27 0.011111111111111112
6 59 0.022222222222222223
8 86 0.07777777777777778
9 10 0.011111111111111112
11 86 0.03333333333333333
14 64 0.03333333333333333
26 1 0.044444444444444446
29 14 0.06666666666666667
42 47 0.03333333333333333
43 34 0.011111111111111112
43 38 0.011111111111111112
43 40 0.03333333333333333
43 66 0.011111111111111112
43 78 0.011111111111111112
50 51 0.23333333333333334
52 10 0.15555555555555556
59 50 0.022222222222222223
62 1 0.17777777777777778
67 30 0.011111111111111112
71 55 0.011111111111111112
72 1 0.07777777777777778
78 68 0.011111111111111112
