1 76 0.011111111111111112
1 86 0.07777777777777778
1 87 0.03333333333333333
1 89 0.03333333333333333
2 86 0.044444444444444446
6 9 0.011111111111111112
6 18 0.022222222222222223
6 59 0.1
8 86 0.022222222222222223
9 10 0.011111111111111112
11 86 0.044444444444444446
14 64 0.022222222222222223
20 1 0.022222222222222223
21 1 0.011111111111111112
29 14 0.044444444444444446
34 1 0.011111111111111112
42 47 0.011111111111111112
43 34 0.03333333333333333
43 66 0.044444444444444446
43 78 0.011111111111111112
47 1 0.08888888888888889
50 51 0.5444444444444444
52 10 0.011111111111111112
54 1 0.022222222222222223
59 50 0.1
64 1 0.022222222222222223
72 1 0.15555555555555556
78 68 0.011111111111111112
