3 4 0.011111111111111112
5 25 0.022222222222222223
6 22 0.011111111111111112
6 35 0.011111111111111112
6 54 0.03333333333333333
8 81 0.03333333333333333
11 81 0.011111111111111112
21 1 0.03333333333333333
22 17 0.011111111111111112
36 1 0.011111111111111112
38 1 0.011111111111111112
42 36 0.011111111111111112
43 34 0.011111111111111112
43 38 0.03333333333333333
43 83 0.011111111111111112
54 1 0.03333333333333333
71 56 0.1111111111111111
80 56 0.1111111111111111
81 21 0.03333333333333333
82 19 0.011111111111111112
