1 32 0.011111111111111112
1 86 0.1111111111111111
1 87 0.07777777777777778
1 89 0.044444444444444446
2 86 0.06666666666666667
6 26 0.011111111111111112
6 54 0.022222222222222223
6 59 0.08888888888888889
8 86 0.03333333333333333
11 86 0.044444444444444446
14 64 0.022222222222222223
18 1 0.3
26 1 0.03333333333333333
34 1 0.05555555555555555
40 1 0.011111111111111112
42 47 0.06666666666666667
42 83 0.011111111111111112
43 34 0.03333333333333333
43 39 0.06666666666666667
43 66 0.022222222222222223
43 78 0.011111111111111112
47 1 0.05555555555555555
50 51 0.2111111111111111
52 10 0.022222222222222223
59 50 0.06666666666666667
62 1 0.12222222222222222
64 1 0.07777777777777778
78 68 0.011111111111111112
95 1 0.022222222222222223
