1 32 0.011111111111111112
1 57 0.011111111111111112
1 86 0.06666666666666667
1 87 0.12222222222222222
1 88 0.022222222222222223
1 89 0.05555555555555555
1 92 0.011111111111111112
1 94 0.011111111111111112
2 86 0.011111111111111112
6 18 0.011111111111111112
6 23 0.044444444444444446
6 26 0.03333333333333333
6 54 0.011111111111111112
6 57 0.03333333333333333
6 59 0.06666666666666667
6 97 0.022222222222222223
8 86 0.022222222222222223
10 93 0.011111111111111112
11 86 0.022222222222222223
14 64 0.07777777777777778
18 1 0.011111111111111112
20 1 0.011111111111111112
23 1 0.011111111111111112
26 1 0.022222222222222223
29 14 0.17777777777777778
34 1 0.011111111111111112
40 1 0.03333333333333333
42 45 0.03333333333333333
43 34 0.011111111111111112
43 38 0.011111111111111112
43 40 0.1111111111111111
43 44 0.011111111111111112
43 48 0.32222222222222224
43 66 0.03333333333333333
45 1 0.03333333333333333
48 1 0.16666666666666666
50 51 0.6333333333333333
53 1 0.044444444444444446
54 1 0.011111111111111112
57 15 0.011111111111111112
59 50 0.06666666666666667
61 1 0.011111111111111112
64 1 0.06666666666666667
67 30 0.011111111111111112
71 55 0.044444444444444446
72 1 0.011111111111111112
