1 32 0.08888888888888889
1 41 0.022222222222222223
1 70 0.044444444444444446
1 76 0.022222222222222223
1 85 0.011111111111111112
1 87 0.15555555555555556
1 88 0.022222222222222223
1 89 0.2111111111111111
1 90 0.23333333333333334
1 94 0.011111111111111112
1 96 0.1111111111111111
6 16 0.022222222222222223
6 18 0.022222222222222223
6 20 0.03333333333333333
6 23 0.07777777777777778
6 26 0.08888888888888889
6 58 0.044444444444444446
6 63 0.06666666666666667
14 64 0.022222222222222223
18 1 0.022222222222222223
20 1 0.03333333333333333
23 1 0.022222222222222223
26 1 0.05555555555555555
29 14 0.05555555555555555
33 1 0.03333333333333333
37 1 0.022222222222222223
39 1 0.044444444444444446
43 39 0.044444444444444446
43 46 0.3111111111111111
43 48 0.12222222222222222
43 77 0.06666666666666667
43 78 0.044444444444444446
43 79 0.03333333333333333
43 91 0.13333333333333333
48 1 0.06666666666666667
64 1 0.022222222222222223
78 68 0.044444444444444446
79 68 0.022222222222222223
95 1 0.022222222222222223
