1 32 0.022222222222222223
1 57 0.044444444444444446
1 86 0.03333333333333333
1 89 0.18888888888888888
6 20 0.044444444444444446
6 23 0.05555555555555555
6 26 0.06666666666666667
6 27 0.011111111111111112
6 54 0.05555555555555555
6 57 0.07777777777777778
6 97 0.022222222222222223
14 64 0.011111111111111112
20 1 0.044444444444444446
23 1 0.03333333333333333
26 1 0.06666666666666667
29 14 0.022222222222222223
33 1 0.022222222222222223
34 1 0.1111111111111111
37 1 0.011111111111111112
38 1 0.022222222222222223
39 1 0.12222222222222222
42 45 0.06666666666666667
43 34 0.15555555555555556
43 38 0.022222222222222223
43 39 0.24444444444444444
43 48 0.2777777777777778
43 77 0.14444444444444443
45 1 0.05555555555555555
48 1 0.13333333333333333
54 1 0.13333333333333333
57 15 0.13333333333333333
61 1 0.03333333333333333
64 1 0.011111111111111112
72 1 0.011111111111111112
95 1 0.011111111111111112
