1 86 0.022222222222222223
1 94 0.011111111111111112
2 86 0.022222222222222223
6 54 0.022222222222222223
6 57 0.011111111111111112
6 59 0.03333333333333333
8 86 0.011111111111111112
11 86 0.044444444444444446
18 1 0.3888888888888889
23 1 0.011111111111111112
24 1 0.4666666666666667
26 1 0.23333333333333334
29 14 0.03333333333333333
33 1 0.011111111111111112
36 1 0.03333333333333333
37 1 0.13333333333333333
38 1 0.011111111111111112
39 1 0.011111111111111112
40 1 0.14444444444444443
42 36 0.07777777777777778
42 45 0.011111111111111112
42 47 0.03333333333333333
42 83 0.03333333333333333
43 66 0.05555555555555555
45 1 0.18888888888888888
47 1 0.022222222222222223
53 1 0.011111111111111112
54 1 0.011111111111111112
59 50 0.03333333333333333
61 1 0.044444444444444446
62 1 0.011111111111111112
64 1 0.011111111111111112
71 55 0.12222222222222222
80 55 0.12222222222222222
82 19 0.011111111111111112
95 1 0.011111111111111112
