1 32 0.15555555555555556
1 70 0.044444444444444446
1 76 0.03333333333333333
1 87 0.03333333333333333
1 88 0.044444444444444446
1 89 0.15555555555555556
1 90 0.12222222222222222
1 94 0.03333333333333333
1 96 0.044444444444444446
6 16 0.011111111111111112
6 18 0.07777777777777778
6 20 0.03333333333333333
6 23 0.03333333333333333
6 26 0.05555555555555555
6 27 0.011111111111111112
6 58 0.08888888888888889
6 63 0.28888888888888886
14 64 0.044444444444444446
18 1 0.03333333333333333
20 1 0.022222222222222223
23 1 0.011111111111111112
26 1 0.022222222222222223
29 14 0.07777777777777778
39 1 0.011111111111111112
43 39 0.03333333333333333
43 46 0.16666666666666666
43 48 0.022222222222222223
43 78 0.1111111111111111
43 79 0.26666666666666666
43 91 0.08888888888888889
48 1 0.011111111111111112
62 1 0.011111111111111112
67 30 0.011111111111111112
78 68 0.12222222222222222
79 68 0.25555555555555554
