1 81 0.05555555555555555
3 4 0.03333333333333333
5 25 0.011111111111111112
6 59 0.022222222222222223
7 1 0.07777777777777778
8 81 0.022222222222222223
11 81 0.06666666666666667
21 1 0.08888888888888889
29 14 0.011111111111111112
31 75 0.03333333333333333
31 82 0.17777777777777778
33 1 0.08888888888888889
34 1 0.044444444444444446
37 1 0.011111111111111112
38 1 0.011111111111111112
40 1 0.022222222222222223
45 1 0.011111111111111112
47 1 0.011111111111111112
50 12 0.011111111111111112
54 1 0.011111111111111112
59 50 0.08888888888888889
60 13 0.011111111111111112
61 1 0.011111111111111112
71 56 0.1111111111111111
80 56 0.1111111111111111
81 21 0.1
82 19 0.13333333333333333
