1 57 0.12222222222222222
1 85 0.011111111111111112
1 86 0.13333333333333333
1 87 0.2222222222222222
1 88 0.022222222222222223
1 89 0.3111111111111111
1 90 0.03333333333333333
1 92 0.011111111111111112
1 94 0.16666666666666666
6 23 0.022222222222222223
6 26 0.05555555555555555
6 57 0.03333333333333333
14 64 0.1
18 1 0.12222222222222222
23 1 0.07777777777777778
26 1 0.05555555555555555
37 1 0.011111111111111112
42 45 0.022222222222222223
45 1 0.06666666666666667
48 1 0.011111111111111112
50 51 0.022222222222222223
53 1 0.03333333333333333
54 1 0.03333333333333333
57 15 0.011111111111111112
61 1 0.022222222222222223
64 1 0.05555555555555555
67 30 0.011111111111111112
71 55 0.022222222222222223
