1 32 0.044444444444444446
1 57 0.03333333333333333
1 86 0.022222222222222223
2 86 0.011111111111111112
6 57 0.03333333333333333
8 86 0.011111111111111112
29 14 0.022222222222222223
38 1 0.011111111111111112
39 1 0.011111111111111112
42 47 0.03333333333333333
42 83 0.011111111111111112
43 38 0.022222222222222223
43 39 0.022222222222222223
43 44 0.011111111111111112
43 66 0.011111111111111112
43 69 0.011111111111111112
47 1 0.03333333333333333
71 55 0.12222222222222222
74 73 0.011111111111111112
80 55 0.12222222222222222
