1 86 0.044444444444444446
1 87 0.011111111111111112
1 89 0.011111111111111112
2 86 0.03333333333333333
6 35 0.022222222222222223
6 54 0.03333333333333333
6 59 0.044444444444444446
8 86 0.03333333333333333
11 81 0.011111111111111112
11 86 0.044444444444444446
42 47 0.03333333333333333
42 60 0.011111111111111112
42 83 0.03333333333333333
43 83 0.08888888888888889
47 1 0.03333333333333333
50 51 0.4222222222222222
52 10 0.011111111111111112
54 1 0.03333333333333333
59 50 0.044444444444444446
60 13 0.011111111111111112
71 55 0.12222222222222222
80 55 0.12222222222222222
82 19 0.011111111111111112
