1 32 0.03333333333333333
1 41 0.06666666666666667
1 57 0.2111111111111111
1 70 0.044444444444444446
1 76 0.06666666666666667
1 89 0.044444444444444446
1 90 0.06666666666666667
6 18 0.011111111111111112
6 20 0.011111111111111112
6 23 0.06666666666666667
6 54 0.05555555555555555
6 57 0.2777777777777778
14 64 0.011111111111111112
18 1 0.011111111111111112
20 1 0.011111111111111112
23 1 0.044444444444444446
34 1 0.011111111111111112
38 1 0.011111111111111112
39 1 0.011111111111111112
42 45 0.011111111111111112
43 34 0.011111111111111112
43 38 0.011111111111111112
43 39 0.03333333333333333
43 48 0.12222222222222222
43 77 0.022222222222222223
43 78 0.011111111111111112
43 79 0.06666666666666667
45 1 0.011111111111111112
48 1 0.07777777777777778
52 10 0.011111111111111112
54 1 0.13333333333333333
57 15 0.17777777777777778
61 1 0.011111111111111112
64 1 0.011111111111111112
67 30 0.022222222222222223
72 1 0.011111111111111112
78 68 0.011111111111111112
79 68 0.06666666666666667
