1 86 0.044444444444444446
1 87 0.011111111111111112
1 89 0.011111111111111112
6 18 0.05555555555555555
6 23 0.05555555555555555
6 26 0.1
6 54 0.1111111111111111
11 86 0.044444444444444446
14 64 0.044444444444444446
18 1 0.03333333333333333
24 1 0.022222222222222223
26 1 0.022222222222222223
29 14 0.15555555555555556
33 1 0.03333333333333333
34 1 0.011111111111111112
37 1 0.011111111111111112
42 45 0.03333333333333333
42 47 0.044444444444444446
42 83 0.05555555555555555
43 34 0.05555555555555555
43 66 0.044444444444444446
45 1 0.07777777777777778
47 1 0.06666666666666667
53 1 0.26666666666666666
54 1 0.044444444444444446
57 15 0.011111111111111112
62 1 0.03333333333333333
64 1 0.022222222222222223
71 55 0.044444444444444446
72 1 0.2777777777777778
80 55 0.2222222222222222
95 1 0.022222222222222223
