1 85 0.011111111111111112
1 86 0.022222222222222223
2 86 0.022222222222222223
6 22 0.011111111111111112
6 35 0.044444444444444446
8 86 0.022222222222222223
11 86 0.022222222222222223
22 17 0.022222222222222223
34 1 0.011111111111111112
42 47 0.011111111111111112
42 60 0.03333333333333333
43 34 0.011111111111111112
43 44 0.011111111111111112
43 83 0.022222222222222223
47 1 0.011111111111111112
54 1 0.011111111111111112
60 13 0.022222222222222223
62 1 0.011111111111111112
71 55 0.07777777777777778
80 55 0.07777777777777778
