1 86 0.011111111111111112
1 88 0.011111111111111112
1 89 0.011111111111111112
1 94 0.011111111111111112
2 86 0.011111111111111112
6 54 0.011111111111111112
6 59 0.011111111111111112
8 86 0.022222222222222223
11 86 0.06666666666666667
29 14 0.044444444444444446
36 1 0.022222222222222223
39 1 0.011111111111111112
42 36 0.03333333333333333
42 47 0.022222222222222223
42 83 0.03333333333333333
43 39 0.03333333333333333
43 44 0.06666666666666667
43 66 0.011111111111111112
43 78 0.011111111111111112
47 1 0.011111111111111112
52 10 0.022222222222222223
54 1 0.011111111111111112
57 15 0.022222222222222223
59 50 0.011111111111111112
71 55 0.12222222222222222
74 73 0.07777777777777778
78 68 0.011111111111111112
80 55 0.12222222222222222
